0 341 304 486 584 36 172 340 360 446
341 0 304 341 299 376 309 136 565 218
304 304 0 280 403 327 129 203 264 338
486 341 280 0 304 508 310 221 392 201
584 299 403 304 0 622 489 281 647 151
36 376 327 508 622 0 192 360 352 466
172 309 129 310 489 192 0 229 258 335
340 136 203 221 281 360 229 0 460 128
360 565 264 392 647 352 258 460 0 593
446 218 338 201 151 466 335 128 593 0
