0 341 304 486 584 36 172 340 360 446 522 511 426 165 668
341 0 304 341 299 376 309 136 565 218 293 175 428 187 332
304 304 0 280 403 327 129 203 264 338 380 479 499 353 622
486 341 280 0 304 508 310 221 392 201 193 523 542 513 435
584 299 403 304 0 622 489 281 647 151 81 338 489 506 166
36 376 327 508 622 0 192 360 352 466 542 608 459 199 765
172 309 129 310 489 192 0 229 258 335 411 477 496 230 634
340 136 203 221 281 360 229 0 460 128 203 305 324 295 445
360 565 264 392 647 352 258 460 0 593 591 734 753 524 812
446 218 338 201 151 466 335 128 593 0 72 387 417 401 314
522 293 380 193 81 542 411 203 591 72 0 352 493 478 245
511 175 479 523 338 608 477 305 734 387 352 0 251 385 177
426 428 499 542 489 459 496 324 753 417 493 251 0 226 419
165 187 353 513 506 199 230 295 524 401 478 385 226 0 542
668 332 622 435 166 765 634 445 812 314 245 177 419 542 0
