0 341 304 486 584 36 172 340 360 446 522 511 426 165 668 469 211 252 171 359 367 60 132 118 187 282 385 486 337 742
341 0 304 341 299 376 309 136 565 218 293 175 428 187 332 176 130 108 259 659 283 282 313 458 270 219 380 436 246 406
304 304 0 280 403 327 129 203 264 338 380 479 499 353 622 361 319 229 158 358 584 317 207 273 242 105 79 181 144 702
486 341 280 0 304 508 310 221 392 201 193 523 542 513 435 359 428 338 339 486 627 498 388 448 416 178 97 84 123 516
584 299 403 304 0 622 489 281 647 151 81 338 489 506 166 114 422 381 439 740 574 573 493 681 694 400 375 338 308 247
36 376 327 508 622 0 192 360 352 466 542 608 459 199 765 489 245 272 191 350 400 93 132 109 178 302 405 506 357 839
172 309 129 310 489 192 0 229 258 335 411 477 496 230 634 358 203 161 45 347 431 181 71 191 191 116 208 310 170 708
340 136 203 221 281 360 229 0 460 128 203 305 324 295 445 151 210 120 178 553 409 352 232 420 423 114 275 305 122 536
360 565 264 392 647 352 258 460 0 593 591 734 753 524 812 616 461 484 314 111 839 418 328 238 171 360 314 313 399 892
446 218 338 201 151 466 335 128 593 0 72 387 417 401 314 134 316 226 286 684 501 459 338 526 530 245 283 311 161 395
522 293 380 193 81 542 411 203 591 72 0 352 493 478 245 159 393 303 361 663 579 535 416 603 617 322 297 261 230 326
511 175 479 523 338 608 477 305 734 387 352 0 251 385 177 192 300 298 426 826 434 452 480 668 671 386 548 603 413 251
426 428 499 542 489 459 496 324 753 417 493 251 0 226 419 377 220 273 447 847 131 370 361 546 615 407 569 625 434 493
165 187 353 513 506 199 230 295 524 401 478 385 226 0 542 388 86 179 172 526 193 108 138 284 354 283 432 533 339 616
668 332 622 435 166 765 634 445 812 314 245 177 419 542 0 156 459 457 585 905 591 609 637 825 828 543 540 503 473 91
469 176 361 359 114 489 358 151 616 134 159 192 377 388 156 0 309 254 311 712 461 461 366 553 556 272 433 427 246 236
211 130 319 428 422 245 203 210 461 316 393 300 220 86 459 309 0 93 133 570 248 153 138 329 399 218 390 514 254 532
252 108 229 338 381 272 161 120 484 226 303 298 273 179 457 254 93 0 102 577 337 245 145 333 356 126 298 422 163 530
171 259 158 339 439 191 45 178 314 286 361 426 447 172 585 311 133 102 0 401 370 185 65 253 235 117 257 358 160 657
359 659 358 486 740 350 347 553 111 684 663 826 847 526 905 712 570 577 401 0 724 416 381 237 169 453 408 407 492 986
367 283 584 627 574 400 431 409 839 501 579 434 131 193 591 461 248 337 370 724 0 319 340 495 564 501 662 718 528 674
60 282 317 498 573 93 181 352 418 459 535 452 370 108 609 461 153 245 185 416 319 0 125 178 247 294 397 498 349 686
132 313 207 388 493 132 71 232 328 338 416 480 361 138 637 366 138 145 65 381 340 125 0 192 213 175 287 388 229 711
118 458 273 448 681 109 191 420 238 526 603 668 546 284 825 553 329 333 253 237 495 178 192 0 68 312 347 535 412 901
187 270 242 416 694 178 191 423 171 530 617 671 615 354 828 556 399 356 235 169 564 247 213 68 0 336 315 466 375 903
282 219 105 178 400 302 116 114 360 245 322 386 407 283 543 272 218 126 117 453 501 294 175 312 336 0 175 277 55 618
385 380 79 97 375 405 208 275 314 283 297 548 569 432 540 433 390 298 257 408 662 397 287 347 315 175 0 97 119 618
486 436 181 84 338 506 310 305 313 311 261 603 625 533 503 427 514 422 358 407 718 498 388 535 466 277 97 0 206 583
337 246 144 123 308 357 170 122 399 161 230 413 434 339 473 246 254 163 160 492 528 349 229 412 375 55 119 206 0 553
742 406 702 516 247 839 708 536 892 395 326 251 493 616 91 236 532 530 657 986 674 686 711 901 903 618 618 583 553 0
