0 341 304 486 584 36 172 340 360 446 522 511 426 165 668 469 211 252 171 359
341 0 304 341 299 376 309 136 565 218 293 175 428 187 332 176 130 108 259 659
304 304 0 280 403 327 129 203 264 338 380 479 499 353 622 361 319 229 158 358
486 341 280 0 304 508 310 221 392 201 193 523 542 513 435 359 428 338 339 486
584 299 403 304 0 622 489 281 647 151 81 338 489 506 166 114 422 381 439 740
36 376 327 508 622 0 192 360 352 466 542 608 459 199 765 489 245 272 191 350
172 309 129 310 489 192 0 229 258 335 411 477 496 230 634 358 203 161 45 347
340 136 203 221 281 360 229 0 460 128 203 305 324 295 445 151 210 120 178 553
360 565 264 392 647 352 258 460 0 593 591 734 753 524 812 616 461 484 314 111
446 218 338 201 151 466 335 128 593 0 72 387 417 401 314 134 316 226 286 684
522 293 380 193 81 542 411 203 591 72 0 352 493 478 245 159 393 303 361 663
511 175 479 523 338 608 477 305 734 387 352 0 251 385 177 192 300 298 426 826
426 428 499 542 489 459 496 324 753 417 493 251 0 226 419 377 220 273 447 847
165 187 353 513 506 199 230 295 524 401 478 385 226 0 542 388 86 179 172 526
668 332 622 435 166 765 634 445 812 314 245 177 419 542 0 156 459 457 585 905
469 176 361 359 114 489 358 151 616 134 159 192 377 388 156 0 309 254 311 712
211 130 319 428 422 245 203 210 461 316 393 300 220 86 459 309 0 93 133 570
252 108 229 338 381 272 161 120 484 226 303 298 273 179 457 254 93 0 102 577
171 259 158 339 439 191 45 178 314 286 361 426 447 172 585 311 133 102 0 401
359 659 358 486 740 350 347 553 111 684 663 826 847 526 905 712 570 577 401 0